201
0 0 0
0 0 0
0 0 0
0 0 0
0 0 0
0 0 0
0 0 0
-28.28427 -49.36517 0.1221
0 49.36517 -0.1221
0 0 0
-16.43709 -28.6881 0.04093337
0 28.6881 -0.04093337
0 0 0
-27.38967 -47.80381 0.1140739
-17.3317 17.55378 -0.2126487
-18.26057 -1.621487 -0.09172719
-18.78781 -0.92053 -0.1012974
0 32.79085 -0.05391709
-38.43312 -67.07796 0.2247612
-78.3863 -69.73701 -0.2064399
-59.34439 33.21495 -1.81644
-19.8354 68.95193 -0.8350435
-119.3241 -173.6343 1.387547
-39.84938 138.6749 -3.374595
-99.7139 -104.4899 0.06147017
-158.8925 -103.3683 -2.493624
-59.72977 172.9829 -6.192037
-120 -105.2122 -0.5333465
-180.1819 -105.1731 -3.832094
-59.9906 209.6544 -7.688643
-120.4524 -105.547 -0.5389417
-119.9465 0.7905093 -4.41871
-140.5971 -36.14925 -4.315916
-240.6284 -174.832 -4.492133
-199.8186 70.61146 -17.37069
-219.8385 -35.40819 -12.09176
-299.8257 -140.3688 -13.72481
-239.888 103.4627 -26.80676
-219.9133 34.18986 -17.45317
-239.9189 -35.53325 -14.65669
-120.5059 208.0322 -15.35555
-239.8983 -208.55 -2.248672
-79.96941 278.8481 -13.63116
-280.463 -349.952 4.176134
-79.9633 349.5332 -17.83155
-219.9062 -244.2979 1.03608
-339.8727 -210.2377 -12.51119
-120.5147 382.0181 -27.84133
-361.1198 -420.0911 4.401004
-280.5447 138.6822 -38.67551
-240.5926 68.7225 -23.70572
-321.3947 -142.0099 -16.60806
-362.4542 -73.64985 -31.1375
-281.7314 138.9171 -38.96405
-243.1038 66.39085 -23.9245
-182.1938 105.7343 -17.42571
-203.6819 -37.86285 -10.03458
-182.4799 36.60269 -12.56062
-245.6512 -110.6891 -9.525501
-229.9911 26.59575 -18.32709
-251.1024 -37.55207 -16.02796
-331.6032 -141.6074 -18.184
-168.5989 283.4741 -29.42576
-270.7802 -178.7402 -7.058914
-310.8551 -71.15527 -22.05269
-396.2311 -151.0361 -28.24804
-295.0363 174.1483 -46.18264
-256.1462 66.69019 -26.25314
-279.9164 -42.46187 -19.87298
-257.4524 38.1348 -23.76236
-238.3308 32.53317 -20.11336
-482.283 -427.1023 -8.176642
-177.124 530.1627 -56.5972
-490.0192 -546.6505 5.386718
-327.6459 279.1799 -68.96512
-184.0828 249.4873 -29.5366
-350.2472 -290.5999 -6.096659
-302.9617 80.55283 -36.96436
-197.02 183.9303 -26.22704
-222.7341 -45.3377 -11.71356
-174.0021 84.59411 -14.74131
-93.90869 139.6334 -8.244213
-180.8029 -151.7392 -1.534629
-383.2108 -353.859 -3.696045
-120.0195 458.2556 -34.15752
-304.0955 -321.4488 0.7778452
-95.16602 364.1009 -21.5099
-108.403 -23.15514 -2.732272
-95.36438 22.69769 -3.553101
-25.51727 121.8925 -2.027257
0 44.53415 -0.09893457
0 0 0
0 0 0
0 0 0
0 0 0
0 0 0
0 0 0
0 0 0
0 0 0
0 0 0
0 0 0
0 0 0
0 0 0
0 0 0
0 0 0
0 0 0
0 0 0
0 0 0
0 0 0
0 0 0
0 0 0
0 0 0
0 0 0
28.79944 50.26325 0.1264735
57.6004 50.27016 -0.1261604
86.39984 50.28132 -0.8844745
115.1993 50.30849 -2.147403
144.0002 50.36745 -3.914669
172.7997 50.45616 -6.186388
201.6006 50.58742 -8.963897
230.4001 50.76146 -12.24284
259.1995 50.99404 -16.02498
288.0005 51.29603 -20.30992
316.7999 51.6619 -25.09598
345.5994 52.10519 -30.38297
374.4003 52.64112 -36.16766
403.1998 53.26668 -42.45256
432 53.99646 -49.23462
460.8002 54.82743 -56.51165
489.5996 55.7828 -64.28477
518.3998 56.85931 -72.54984
547.2 58.06639 -81.30735
576.0002 59.41395 -90.55511
604.7997 60.90269 -100.2918
633.5999 62.55054 -110.5135
662.4001 64.35799 -121.2225
691.1995 66.33087 -132.412
719.9997 68.48425 -144.0843
748.7999 70.81798 -156.2346
777.5997 73.34042 -168.8624
806.4 76.06425 -181.9625
835.1998 78.99068 -195.5362
863.9998 82.13022 -209.5791
892.7998 85.48823 -224.0895
921.5997 89.07408 -239.0619
921.5997 9.738085E-05 -0.0005880377
921.5997 -0.0003710543 0.0005039542
921.5998 0 0
921.5996 0.0003044507 0.0002298454
921.5996 0 0
921.5996 0 0
921.5996 0 0
921.5996 0 0
921.5996 0 0
921.5996 0 0
921.5996 0 0
921.5996 0 0
921.5996 0 0
921.5996 0.0007234698 -0.0008867152
921.6003 0 0
921.6003 0 0
921.6003 0 0
921.6003 0 0
921.6003 0 0
921.6003 0 0
921.6003 0 0
921.6003 0 0
921.6003 0 0
921.6003 0 0
921.6003 0 0
921.6003 -0.001151218 -0.001978228
921.6003 0 0
921.6003 0 0
921.6003 0 0
921.6003 0 0
921.6003 0 0
921.6003 0 0
921.6003 0 0
921.6003 0 0
921.6003 0 0
921.6003 0 0
921.6003 0 0
921.6003 0 0
921.6003 0 0
921.6003 0 0
921.6003 0 0
921.6003 0 0
921.6003 0 0
921.6003 0 0
921.6003 0 0
921.6003 0 0
921.6003 0 0
921.6003 0 0
921.6003 0 0
921.6003 0 0
921.6003 0 0
921.6003 0 0
921.6003 0 0
921.6003 0 0
921.6003 0 0
921.5973 0 0
0
